Creating the Golden Refernce Segmentation



----


12 names
12

01 Ata 30 - 26a Reunião Odinária PPGCCS.txt.csv
1 0 0 0 1 0 0 0 1 0 0 0 0 0 0 0 1 0 1 0 0 0 0 1 0 
1 0 0 0 1 1 1 0 1 1 1 1 1 1 1 0 1 0 1 0 0 0 0 1 0 
1 1 0 0 1 0 0 0 1 0 0 0 0 0 0 1 1 0 0 0 1 0 0 0 0 
1 0 0 0 1 1 1 1 1 0 1 1 1 1 1 1 1 0 1 0 0 0 0 1 0 
--------------------------------------------------
1 0 0 0 1 0 0 0 1 0 0 0 0 0 0 0 1 0 1 0 0 0 0 1 0 
-->./SegReferences/01 Ata 30 - 26a Reunião Odinária PPGCCS.txt.csv


02 Ata 29 - 25a Reunião Odinária PPGCCS.txt.csv
0 0 0 0 1 0 1 0 0 0 0 0 0 0 0 1 0 
1 0 0 0 1 1 1 1 1 1 1 1 1 1 1 1 0 
1 0 1 0 1 0 1 0 0 0 0 0 0 0 0 1 0 
1 0 0 0 1 1 1 1 1 1 1 1 1 1 1 1 0 
----------------------------------
1 0 0 0 1 0 1 0 0 0 0 0 0 0 0 1 0 
-->./SegReferences/02 Ata 29 - 25a Reunião Odinária PPGCCS.txt.csv


03 Ata 36 - 31a Reunião Odinária PPGCCS.txt.csv
0 0 0 1 0 0 0 0 1 0 0 0 0 0 0 0 0 0 0 1 1 0 0 0 1 0 
1 0 0 1 0 1 1 1 1 1 0 0 0 1 0 1 1 1 1 1 1 0 0 1 1 0 
0 0 0 1 0 0 0 0 1 0 0 0 0 0 1 1 0 1 0 1 1 0 0 1 1 0 
0 0 0 1 0 1 1 0 1 1 1 0 0 1 0 1 0 1 0 1 1 0 0 1 1 0 
----------------------------------------------------
0 0 0 1 0 0 0 0 1 0 0 0 0 0 0 1 0 1 0 1 1 0 0 1 1 0 
-->./SegReferences/03 Ata 36 - 31a Reunião Odinária PPGCCS.txt.csv


04 Ata 32 - 28a Reunião Odinária PPGCCS.txt.csv
0 0 0 0 1 0 0 0 0 0 1 0 0 0 0 0 1 0 0 0 0 0 0 0 1 0 
1 0 0 0 1 0 0 0 1 1 1 0 0 0 0 0 1 0 0 0 1 1 1 1 1 0 
1 0 0 0 1 0 0 0 0 0 1 0 0 0 0 0 0 0 0 0 1 0 1 0 1 0 
0 0 0 0 1 0 0 0 1 1 1 1 0 0 0 0 1 0 0 0 1 1 1 1 1 0 
----------------------------------------------------
0 0 0 0 1 0 0 0 0 0 1 0 0 0 0 0 1 0 0 0 1 0 1 0 1 0 
-->./SegReferences/04 Ata 32 - 28a Reunião Odinária PPGCCS.txt.csv


05 Ata 33 - 29a Reunião Odinária PPGCCS.txt.csv
0 0 0 0 1 0 0 0 0 0 0 1 0 0 0 0 0 0 0 0 0 0 0 0 0 0 0 0 0 0 0 1 0 
1 0 0 0 1 1 1 0 0 1 1 1 0 0 0 0 1 0 1 0 0 1 0 1 1 0 0 1 1 0 1 1 0 
0 0 0 0 1 0 0 0 0 0 0 1 0 0 0 0 0 0 0 0 0 1 0 1 0 0 0 1 0 1 1 1 0 
0 0 0 0 1 0 1 0 0 1 1 1 0 0 0 0 1 0 1 0 0 1 1 1 1 0 0 1 0 1 1 1 0 
------------------------------------------------------------------
0 0 0 0 1 0 0 0 0 0 0 1 0 0 0 0 0 0 0 0 0 1 0 1 0 0 0 1 0 0 1 1 0 
-->./SegReferences/05 Ata 33 - 29a Reunião Odinária PPGCCS.txt.csv


06 Ata 35 - 5a Reunião Extraodinária PPGCCS.txt.csv
0 0 0 0 0 1 0 0 0 1 0 
1 0 0 1 1 1 1 1 1 1 0 
0 0 0 0 0 1 1 0 0 1 0 
0 0 0 0 0 1 1 0 1 1 0 
----------------------
0 0 0 0 0 1 1 0 0 1 0 
-->./SegReferences/06 Ata 35 - 5a Reunião Extraodinária PPGCCS.txt.csv


07 20ª Reunião Extraordinária CoC-CCS 08-12-10.txt.csv
0 0 0 0 1 0 0 0 0 0 0 0 0 0 0 0 0 1 0 0 
1 0 0 1 1 0 0 0 0 0 0 0 0 0 0 0 1 0 0 0 
0 1 0 0 1 0 0 0 0 0 0 0 0 0 0 0 1 0 0 0 
----------------------------------------
0 0 0 0 1 0 0 0 0 0 0 0 0 0 0 0 0 0 0 0 
-->./SegReferences/07 20ª Reunião Extraordinária CoC-CCS 08-12-10.txt.csv


08 25ª Reunião Ordinária CoC-CCS 04-04-12.txt.csv
0 0 0 1 0 0 0 0 0 0 0 0 0 0 1 0 0 0 0 0 0 0 0 0 0 0 0 0 0 0 0 0 1 0 0 
1 0 0 1 0 0 0 0 0 0 0 0 0 0 1 0 0 0 0 0 0 0 0 0 0 0 0 0 0 0 0 0 1 0 0 
0 0 0 1 1 0 1 0 0 0 1 0 0 1 0 0 0 0 0 0 0 0 0 0 1 0 0 1 0 0 0 0 1 0 0 
----------------------------------------------------------------------
0 0 0 1 0 0 0 0 0 0 0 0 0 0 0 0 0 0 0 0 0 0 0 0 0 0 0 0 0 0 0 0 1 0 0 
-->./SegReferences/08 25ª Reunião Ordinária CoC-CCS 04-04-12.txt.csv


09 40ª Reunião Ordinária CoC-CCS 06-05-15.txt.csv
0 0 0 0 0 0 0 0 0 1 0 0 0 0 0 0 0 0 0 0 0 0 1 0 
0 0 0 1 0 0 0 0 0 0 0 0 0 0 0 0 0 0 0 0 0 1 0 0 
0 0 0 0 0 0 1 1 0 1 0 0 0 1 0 1 0 0 1 0 1 1 0 0 
------------------------------------------------
0 0 0 0 0 0 0 0 0 0 0 0 0 0 0 0 0 0 0 0 0 0 0 0 
-->./SegReferences/09 40ª Reunião Ordinária CoC-CCS 06-05-15.txt.csv


10 20ª Reunião Ordinária CoC-CCS 01-06-11.txt.csv
0 0 1 0 0 0 0 0 0 0 1 0 0 0 0 0 0 0 0 0 0 0 0 0 0 0 0 0 0 0 0 0 0 0 0 0 0 0 0 0 0 0 0 0 0 0 1 0 0 0 
1 0 1 0 0 0 0 0 0 0 1 0 0 0 0 0 0 0 0 0 0 0 0 0 0 0 0 0 0 0 0 0 0 0 0 0 0 0 0 0 0 0 0 0 0 0 1 0 0 0 
0 1 1 0 0 0 0 0 0 1 0 0 0 1 0 0 0 0 0 0 0 0 1 0 0 0 0 0 0 0 0 0 1 0 0 0 0 0 0 0 0 0 0 0 0 0 1 0 0 0 
----------------------------------------------------------------------------------------------------
0 0 1 0 0 0 0 0 0 0 0 0 0 0 0 0 0 0 0 0 0 0 0 0 0 0 0 0 0 0 0 0 0 0 0 0 0 0 0 0 0 0 0 0 0 0 1 0 0 0 
-->./SegReferences/10 20ª Reunião Ordinária CoC-CCS 01-06-11.txt.csv


11 10ª Reunião Ordinária CoC-CCS 05-04-10.txt.csv
0 0 0 0 1 0 0 1 0 0 0 0 0 0 0 0 0 0 0 0 0 0 0 0 0 0 0 0 0 0 0 0 0 0 0 0 0 0 1 0 0 0 0 
1 0 0 0 1 0 0 1 0 0 0 0 0 0 0 0 0 0 0 0 0 0 0 0 0 0 0 0 0 0 0 0 0 0 0 0 0 0 0 1 0 0 0 
0 1 0 0 0 1 1 1 1 0 0 0 0 0 1 0 0 0 0 0 1 0 0 0 0 0 0 0 0 1 0 1 0 0 0 0 0 1 0 1 0 0 0 
--------------------------------------------------------------------------------------
0 0 0 0 0 0 0 1 0 0 0 0 0 0 0 0 0 0 0 0 0 0 0 0 0 0 0 0 0 0 0 0 0 0 0 0 0 0 0 0 0 0 0 
-->./SegReferences/11 10ª Reunião Ordinária CoC-CCS 05-04-10.txt.csv


12 13ª Reunião Ordinária CoC-CCS 05-08-10.txt.csv
0 0 0 0 0 0 0 1 0 0 0 0 0 0 0 0 0 0 0 0 0 0 0 0 0 0 0 0 0 0 0 0 0 0 0 0 0 0 0 0 0 0 0 0 0 0 0 0 0 0 0 1 0 0 0 0 
0 0 0 0 0 0 0 1 0 0 0 0 0 0 1 0 0 0 0 0 0 0 0 0 0 0 0 0 0 0 0 0 0 0 0 0 0 0 0 0 0 0 0 0 0 0 0 0 0 0 0 1 0 0 0 0 
1 0 0 0 0 0 0 0 0 0 1 1 1 1 1 0 0 0 0 0 1 0 0 0 0 0 0 1 0 0 0 0 0 0 0 0 0 0 0 0 0 1 0 0 0 0 0 0 0 0 0 1 0 0 0 0 
----------------------------------------------------------------------------------------------------------------
0 0 0 0 0 0 0 0 0 0 0 0 0 0 0 0 0 0 0 0 0 0 0 0 0 0 0 0 0 0 0 0 0 0 0 0 0 0 0 0 0 0 0 0 0 0 0 0 0 0 0 1 0 0 0 0 
-->./SegReferences/12 13ª Reunião Ordinária CoC-CCS 05-08-10.txt.csv


